0 0.275391 0.040039 0.288086 0.037109 0.298828 0.093750 0.286133 0.096680
0 0.130859 0.066406 0.187500 0.065430 0.188477 0.077148 0.130859 0.078125
0 0.140625 0.078125 0.179688 0.078125 0.179688 0.089844 0.140625 0.089844
0 0.282227 0.161133 0.298828 0.156250 0.315430 0.216797 0.298828 0.221680
0 0.377930 0.173828 0.411133 0.227539 0.396484 0.237305 0.362305 0.183594
0 0.349609 0.201172 0.373047 0.201172 0.373047 0.216797 0.349609 0.216797
0 0.483398 0.337891 0.517578 0.387695 0.505859 0.395508 0.470703 0.345703
0 0.567383 0.367188 0.620117 0.395508 0.612305 0.409180 0.559570 0.380859
0 0.346680 0.385742 0.362305 0.382812 0.373047 0.444336 0.357422 0.446289
0 0.959961 0.405273 0.988281 0.404297 0.989258 0.421875 0.960938 0.422852
0 0.864258 0.426758 0.942383 0.412109 0.945312 0.429688 0.867188 0.443359
0 0.403320 0.491211 0.432617 0.509766 0.425781 0.520508 0.396484 0.502930
0 0.588867 0.498047 0.653320 0.483398 0.657227 0.499023 0.592773 0.513672
0 0.427734 0.508789 0.454102 0.509766 0.453125 0.524414 0.426758 0.523438
0 0.442383 0.532227 0.503906 0.507812 0.509766 0.521484 0.448242 0.545898
0 0.437500 0.545898 0.465820 0.543945 0.466797 0.561523 0.438477 0.562500
0 0.411133 0.582031 0.495117 0.540039 0.506836 0.562500 0.422852 0.604492
0 0.522461 0.606445 0.545898 0.604492 0.547090 0.618895 0.523438 0.617188
0 0.252930 0.630859 0.315430 0.604492 0.322266 0.620117 0.259766 0.646484
0 0.582031 0.681641 0.599609 0.677734 0.614258 0.751953 0.596680 0.754883
0 0.495117 0.960938 0.519531 0.958984 0.520508 0.974609 0.496094 0.975586
0 0.430622 0.736982 0.446247 0.734053 0.456990 0.795576 0.441365 0.797529
