0 0.020508 0.539062 0.037109 0.536133 0.048828 0.597656 0.031250 0.600586
0 0.027344 0.696289 0.050781 0.696289 0.050781 0.711914 0.027344 0.711914
0 0.053711 0.748047 0.070312 0.824219 0.054688 0.827148 0.038086 0.750977
0 0.011719 0.858398 0.028320 0.855469 0.042969 0.935547 0.026367 0.938477
0 0.085803 0.872581 0.102405 0.869651 0.114123 0.931175 0.096545 0.934104
0 0.183137 0.141543 0.238199 0.142142 0.238498 0.161892 0.181341 0.160396
0 0.170575 0.114614 0.198405 0.107731 0.205886 0.129577 0.174166 0.134664
0 0.109826 0.146634 0.173866 0.135562 0.169078 0.111622 0.104439 0.127781
0 0.569675 0.034190 0.597505 0.027307 0.604987 0.049153 0.573266 0.054240
0 0.509983 0.066256 0.574023 0.055184 0.569235 0.031243 0.504596 0.047403
