0 0.077148 0.210938 0.092773 0.208008 0.104492 0.267578 0.088867 0.270508
0 0.444336 0.205078 0.496094 0.205078 0.496094 0.220703 0.444336 0.220703
0 0.452148 0.219416 0.488281 0.221369 0.487305 0.236018 0.451172 0.234065
0 0.159180 0.232422 0.176758 0.229492 0.186523 0.290039 0.168945 0.292969
0 0.022461 0.272461 0.069336 0.270508 0.069336 0.284180 0.023438 0.286133
0 0.175781 0.452148 0.199219 0.452148 0.199219 0.467773 0.175781 0.467773
0 0.333984 0.467773 0.396484 0.465820 0.397461 0.481445 0.334961 0.483398
0 0.355209 0.482224 0.376953 0.481445 0.378297 0.494293 0.355316 0.494920
0 0.179688 0.581055 0.197266 0.654297 0.179688 0.658203 0.162109 0.584961
0 0.034180 0.590820 0.088867 0.577148 0.092773 0.592773 0.038086 0.606445
0 0.204102 0.690430 0.218750 0.687500 0.233398 0.754883 0.217773 0.757812
0 0.080078 0.771484 0.132812 0.774414 0.131836 0.788086 0.079102 0.785156
0 0.385742 0.907227 0.417969 0.909180 0.416992 0.920898 0.384766 0.918945
0 0.385742 0.919922 0.416749 0.921270 0.415525 0.934025 0.386719 0.934570
0 0.107450 0.101301 0.123075 0.098371 0.134794 0.157941 0.119169 0.160871
0 0.129980 0.342610 0.147558 0.339680 0.157324 0.400227 0.139746 0.403156
0 0.249684 0.794316 0.264333 0.791386 0.278981 0.858769 0.263356 0.861699
0 0.273536 0.903502 0.288184 0.900572 0.302833 0.967955 0.287208 0.970885
0 0.447432 0.030128 0.503743 0.029946 0.503743 0.045571 0.447796 0.045571
0 0.447432 0.044880 0.503743 0.044698 0.503743 0.060323 0.447796 0.060323
